# bin_idx	PA[deg]	RM[rad/m^2]
1	229.0822	-227.3121
1	248.9494	-368.1707
1	238.4778	-336.9060
1	251.5904	-332.3935
1	229.1860	-208.5896
1	275.6737	-325.6037
1	208.3821	-53.5748
1	182.8967	-98.3958
1	286.6214	-290.1051
1	249.1250	-310.1425
1	248.4657	-289.7531
1	172.7465	-44.6520
1	255.2526	-284.7626
1	223.9550	-198.0819
1	302.3863	-195.9823
1	134.2377	-66.8256
1	332.1416	-184.8809
1	62.1389	-140.7814
1	123.6772	-60.2826
1	3.4018	-307.1124
1	95.5604	-57.7194
1	92.7580	-64.5630
1	84.0219	-73.6277
1	93.8651	-64.1390
1	77.4761	-66.2108
1	103.1548	-99.8034
1	101.1712	-66.4691
1	62.7460	-79.0291
1	11.2645	-105.0355
1	74.9077	-41.8632
1	71.8749	-54.6913
1	27.2924	-89.5493
1	67.6122	-28.6906
2	236.2399	-183.2573
2	208.7785	-144.7494
2	252.6746	-272.5760
2	252.5569	-273.0047
2	260.1943	-242.6666
2	230.3745	-188.4295
2	265.7029	-270.5347
2	268.8240	-242.4208
2	203.7785	-98.6846
2	214.5223	-155.8382
2	200.4248	-93.8433
2	240.7213	-337.4991
2	178.8096	-89.2808
2	186.5666	-76.2882
2	283.3660	-348.5365
2	200.7032	-90.8588
2	276.1619	-376.8124
2	178.0551	-99.5646
2	179.8866	-94.1581
2	291.1482	-345.4383
2	287.1202	-354.6039
2	287.3426	-361.3134
2	170.4379	-82.0032
2	290.1715	-350.5319
2	192.4386	-83.6645
2	295.8836	-321.9061
2	176.8131	-68.4842
2	298.5422	-332.9732
2	177.9594	-67.9805
2	182.6028	-141.1670
2	182.3018	-117.6067
2	299.4748	-284.0038
2	162.2870	-81.7230
2	163.1388	-83.5680
2	154.5946	-64.1307
2	162.6868	-78.8967
2	153.3880	-53.9076
2	146.7304	-45.2901
2	144.0627	-95.4139
2	139.4324	-91.3787
2	138.0862	-68.9613
2	137.0440	-60.8317
2	136.7336	-69.9037
2	132.6124	-59.8079
2	338.9729	-142.3187
2	125.1378	-61.1069
2	127.6985	-21.2098
2	343.5609	-167.3938
2	118.1076	-28.4698
2	347.0931	-103.8683
2	109.8518	-78.2342
2	349.8287	-97.0964
2	110.2991	-19.8245
2	2.9037	-81.0185
2	104.4006	-39.0541
2	101.1942	-11.3595
2	108.4479	-27.0884
2	45.6832	-25.6894
2	45.8643	-53.1141
2	4.6035	-13.4450
2	86.5492	-1.3574
2	86.6575	-44.8271
2	77.3386	-43.1074
2	64.8216	-75.0565
2	33.4794	-32.5852
3	238.5898	58.6962
3	249.0159	46.5104
3	248.4265	15.1696
3	255.4701	-53.0710
3	222.5635	-48.9349
3	211.8186	-67.7697
3	225.6568	-25.6265
3	206.2982	-91.2919
3	224.4223	-80.4457
3	280.7650	-145.1388
3	269.9487	-150.3948
3	258.4677	-197.9138
3	278.4477	-191.8107
3	285.8668	-208.8606
3	286.4084	-210.0434
3	183.4135	-90.9672
3	277.0736	-264.5283
3	289.5171	-263.9644
3	290.2506	-310.1126
3	167.7380	-60.3891
3	290.3867	-357.5488
3	166.3032	-88.1197
3	170.9108	-101.4203
3	293.2799	-382.6433
3	293.4559	-387.0367
3	166.4818	-51.3620
3	161.0122	-78.4174
3	159.0691	-66.7351
3	158.9416	-78.7705
3	305.3449	-309.5536
3	159.5883	-57.9082
3	306.5984	-293.3620
3	151.2646	-101.3360
3	312.7536	-264.0312
3	149.8793	-120.6258
3	145.8217	-57.4978
3	145.5323	-72.3444
3	318.8890	-264.4828
3	322.0901	-213.0133
3	323.4967	-158.7010
3	327.5240	-190.0849
3	137.8211	-71.9105
3	137.7599	-84.8776
3	333.1622	-153.0948
3	340.5876	-97.3479
3	342.5210	-103.4775
3	344.8552	-62.3755
3	119.0446	-42.3217
3	107.4572	9.9837
3	113.4780	-71.3168
3	1.6321	-5.7959
3	13.8890	26.5403
3	359.1617	3.6062
3	11.8284	-7.1639
3	17.6698	-3.9431
3	100.1545	-27.2525
3	12.9836	17.4445
3	16.9409	15.2243
3	89.0431	-5.1953
3	76.6945	-60.2169
3	10.5978	46.8588
3	88.7645	-22.9235
3	18.1349	32.8959
3	38.9072	5.7154
3	17.6360	35.5239
3	17.7948	37.9925
3	20.4651	12.7873
3	68.5291	-31.4078
3	84.6511	-7.1983
3	68.6188	-35.9156
3	91.6982	-28.8011
3	91.6629	-27.7570
3	89.2764	-58.0930
3	26.5336	22.8278
3	69.1954	-22.4816
3	31.2182	-35.9988
3	49.4063	-44.5906
3	47.9831	-77.8861
3	48.0782	-70.6713
3	77.0925	-28.8245
3	62.9833	-10.3515
3	24.7858	22.2758
3	34.1679	-22.9947
3	42.9983	-44.9203
3	63.7691	-29.0513
3	64.2333	-67.8973
4	247.8203	236.0623
4	215.1453	-124.1835
4	233.4022	175.1885
4	252.9257	212.3925
4	227.4767	52.8513
4	218.1333	-93.0677
4	218.0937	-102.6502
4	246.9644	174.0398
4	203.1310	-92.8593
4	199.8561	-104.7105
4	226.9784	17.3411
4	253.7298	139.2730
4	241.3010	139.6371
4	197.7046	-46.1936
4	251.8847	114.3623
4	227.7609	27.6340
4	255.9790	108.9990
4	206.4574	-145.9349
4	195.1525	-74.5410
4	207.5974	-126.6878
4	207.6616	-115.0232
4	191.6622	-65.2764
4	186.8408	-57.5815
4	276.7393	-5.8899
4	274.9730	23.9944
4	273.3002	-40.2327
4	181.1181	-57.7712
4	182.5647	-38.9804
4	271.9775	-31.9965
4	181.2582	-30.4441
4	282.1265	-87.7305
4	186.5578	-15.0203
4	286.5641	-111.7163
4	276.0170	-118.9091
4	178.2908	-42.5444
4	282.4402	-93.9603
4	175.8975	-36.3085
4	292.2379	-218.9777
4	171.5514	-35.8299
4	286.1777	-220.7653
4	170.4814	-51.4642
4	297.8766	-251.8369
4	297.8323	-267.9365
4	168.3127	-69.5769
4	163.7594	-64.4233
4	164.0479	-41.4691
4	157.3662	-136.1665
4	153.6693	-67.7612
4	312.7240	-296.8044
4	150.0627	-70.1025
4	149.5262	-67.2698
4	148.9771	-98.8086
4	147.4235	-66.8909
4	146.8495	-74.6668
4	318.1830	-257.2449
4	146.4823	-76.0070
4	320.1789	-208.6769
4	320.4328	-223.6664
4	143.4782	-51.3947
4	143.4469	-63.7734
4	321.0705	-203.0306
4	321.5636	-231.4552
4	134.6725	-63.1625
4	133.6825	-81.6212
4	131.4606	-63.7353
4	334.7558	-144.1022
4	335.6907	-109.7839
4	335.7769	-107.9600
4	125.8299	-24.4910
4	123.1039	-39.4334
4	337.7755	-79.7972
4	338.6708	-63.2450
4	344.2941	-52.9456
4	340.2811	-38.6089
4	340.4483	-47.1938
4	122.3683	-36.3299
4	341.3271	-22.3194
4	117.5470	-33.9169
4	118.0130	-73.5027
4	343.8974	-34.5611
4	119.7120	-42.4039
4	118.7747	-25.7784
4	351.9285	29.2129
4	108.8326	-41.7967
4	353.2800	-14.3364
4	351.8512	-7.4175
4	111.5642	-11.9704
4	109.3983	-54.0981
4	102.3746	-7.1278
4	355.4718	12.4184
4	0.7812	-1.8321
4	98.8703	-27.1545
4	101.1361	20.3766
4	92.8475	-29.0794
4	5.0701	3.8363
4	100.1035	16.5896
4	91.8157	2.7272
4	97.4246	-22.9792
4	95.6939	-6.6649
4	89.6749	22.5755
4	31.9795	-9.4868
4	92.5960	13.8939
4	15.5444	71.8465
4	12.6053	8.0424
4	12.5323	12.3777
4	82.1617	-2.3141
4	82.0090	11.1089
4	74.0144	-39.5049
4	32.4425	38.2819
4	40.1669	-17.8497
4	83.7471	7.1716
4	43.5714	-17.4441
4	79.1543	-34.7171
4	78.5793	-58.6873
4	48.9043	-50.5680
4	29.1219	56.2988
4	30.6432	52.1430
4	64.9238	-26.1366
4	76.4944	-23.9218
4	41.4091	11.2128
4	41.6752	-13.4168
4	70.1243	-31.4546
4	65.1793	0.5010
4	57.0599	-10.8655
4	222.0441	22.8250
4	243.8226	61.9405
4	247.5883	85.7452
4	225.8796	-9.8127
4	215.9932	-56.4938
4	212.5188	-75.0497
5	269.6083	181.2826
5	197.5455	-23.9097
5	197.2293	-31.5948
5	270.3399	135.1955
5	194.8181	-38.7640
5	278.3038	170.1826
5	181.8318	-25.9243
5	277.0782	92.4643
5	272.2541	114.2078
5	276.6028	146.6472
5	283.0688	230.9789
5	187.1632	-19.7326
5	188.3672	-28.8534
5	182.8021	-64.3928
5	179.4192	-21.8226
5	179.4786	-22.9293
5	282.1374	26.3149
5	282.4554	33.8709
5	283.7730	40.4714
5	175.2179	-7.9513
5	175.1735	-7.9090
5	175.1484	-9.6761
5	289.5456	75.0847
5	286.2207	29.8477
5	181.0721	-24.3667
5	174.2952	15.0159
5	173.3385	-44.5173
5	176.3536	-31.0772
5	171.8738	-25.0132
5	288.6129	-93.2911
5	288.6459	-113.0856
5	293.4307	-44.7436
5	171.9745	31.4261
5	171.9115	-15.8095
5	172.6692	-25.1851
5	290.6601	-114.5197
5	169.9002	-26.1065
5	163.3759	-41.4125
5	165.9604	-39.5163
5	298.7225	-262.4529
5	164.1106	-48.3428
5	301.4424	-260.1813
5	301.5370	-279.0989
5	300.6109	-278.6448
5	163.7861	-42.8495
5	161.2944	-70.3023
5	157.2869	-53.1476
5	157.7158	-64.6169
5	308.9347	-354.4940
5	310.0082	-339.4403
5	310.5773	-327.3354
5	150.2197	-51.0503
5	149.3849	-70.6365
5	149.0352	-51.3732
5	149.0818	-65.2414
5	317.3619	-303.3694
5	144.5113	-42.9137
5	144.4675	-70.5818
5	144.0537	-74.6189
5	142.7809	-40.6633
5	322.4550	-239.3058
5	142.0617	-53.9959
5	322.7090	-230.4660
5	140.8737	-50.4266
5	325.2262	-170.9138
5	138.7735	-72.4023
5	137.7326	-27.8204
5	137.7804	-52.8008
5	134.7271	-16.4358
5	330.1882	-124.0603
5	330.3635	-101.1880
5	331.1604	-90.1764
5	331.1921	-84.7717
5	133.0585	-46.9372
5	133.0435	-47.4354
5	131.8172	-99.1018
5	131.1957	-54.5982
5	131.3935	-41.0863
5	130.5286	-46.6392
5	335.9167	-60.3081
5	336.5387	-38.2585
5	338.4852	-18.9310
5	126.0798	-16.6756
5	124.9565	-37.4782
5	123.6512	-34.4485
5	340.8802	-33.3033
5	340.4696	-31.9578
5	124.2954	-52.2614
5	344.1806	-36.9851
5	122.7021	-34.1108
5	343.0495	23.4016
5	344.0982	-25.0784
5	343.5365	77.6153
5	119.9772	-26.0205
5	120.6595	-52.6850
5	118.4441	-51.9466
5	350.9960	-32.2920
5	111.2435	-6.6430
5	114.9683	-39.5618
5	347.6581	-10.5603
5	114.6122	-25.3200
5	109.0677	-22.5207
5	114.0038	0.8525
5	109.5743	-1.5210
5	357.1829	-33.7510
5	357.1877	-5.4250
5	108.1733	-47.4301
5	356.8723	-13.4800
5	111.0382	-17.4522
5	357.3196	-40.9085
5	1.2451	-2.4316
5	102.5710	-5.4645
5	95.7893	41.1521
5	16.0508	20.3593
5	84.7850	36.3754
5	8.9585	3.9937
5	8.8129	10.2452
5	16.8081	29.8472
5	9.1499	-24.4235
5	13.8332	-10.3375
5	13.6786	-39.3321
5	26.3835	66.5459
5	21.5930	33.2108
5	93.0795	48.5568
5	79.7639	38.5143
5	91.3588	27.1934
5	33.4355	54.4695
5	45.3394	-17.1641
5	18.4205	9.8664
5	84.8178	61.1877
5	61.2566	-2.2508
5	48.1134	-24.8618
5	72.2375	-119.2128
5	65.7435	7.7963
5	43.4302	17.0041
5	71.3170	13.1089
5	26.5216	46.7953
5	35.9403	14.7283
5	72.1415	36.6133
5	72.7554	18.0412
5	25.0977	6.3454
5	67.5876	-3.7186
5	67.4689	-20.1702
5	74.8130	20.3943
5	74.7164	8.6360
5	43.3398	-13.1118
5	41.8020	-14.0279
5	41.7727	-3.3068
5	69.5626	37.9186
5	58.5990	-28.3184
5	63.9598	-27.8829
5	63.8873	-25.5674
5	60.3100	-32.3002
5	56.3508	-47.0818
5	232.9765	48.5533
5	234.9163	74.6557
5	228.8827	64.8414
5	214.5826	-25.0132
5	251.6452	52.2068
5	254.6583	56.6994
5	223.9476	19.1126
5	215.7008	-26.6588
5	229.8340	57.4415
5	241.8609	57.4594
5	254.5796	89.2064
5	218.9216	-34.8620
5	222.3544	8.5014
5	222.3110	17.6019
5	206.7927	-73.0380
5	255.8050	72.7888
5	242.3907	34.6308
5	213.4255	-41.2646
5	246.7821	92.5540
5	259.4105	61.4890
5	265.6815	-39.2600
5	197.5771	-38.5305
5	267.5641	-57.9122
5	201.7762	-74.8696
6	186.9480	-39.0359
6	184.3129	-22.5140
6	179.8518	-3.3796
6	183.6724	-25.2713
6	179.6672	-34.1968
6	177.0650	-19.0736
6	181.8562	-48.8912
6	177.2573	-6.1178
6	285.3237	188.1207
6	179.5265	-16.3069
6	172.0679	-28.4371
6	169.9158	-12.8032
6	170.7805	8.9672
6	294.7708	-3.9856
6	297.3123	-49.7687
6	169.8069	-39.2142
6	168.1643	-26.8021
6	165.5370	-57.5016
6	297.5989	-61.9660
6	165.0392	-44.0911
6	300.3900	-105.5024
6	166.4608	-68.0906
6	163.3606	-74.7584
6	166.2126	-49.3687
6	300.2625	-151.8052
6	162.7253	-72.1879
6	159.3989	-79.2310
6	159.3778	-89.5521
6	158.3161	-55.0203
6	306.8958	-259.9803
6	306.7484	-299.1617
6	154.7825	-73.5859
6	154.2179	-49.2791
6	154.8396	-84.0218
6	153.7228	-56.6432
6	312.2129	-389.9527
6	152.0884	-48.2702
6	150.4041	-50.1995
6	314.1230	-366.7417
6	148.9736	-44.9966
6	148.3023	-38.6981
6	317.3540	-340.5039
6	318.4253	-316.0497
6	145.7428	-48.6872
6	145.7067	-44.2801
6	142.3833	-32.7717
6	324.4294	-226.9410
6	324.5416	-250.9873
6	324.3805	-204.1760
6	139.0361	-40.7791
6	135.2491	-22.8122
6	133.8590	-60.5982
6	332.3471	-93.9550
6	132.3589	-46.0140
6	127.7918	-33.6789
6	337.4739	-28.4219
6	124.9828	-47.4589
6	124.7266	1.5607
6	122.2872	-77.5669
6	340.6160	15.8766
6	346.6116	15.9704
6	350.7456	-25.3577
6	115.6179	-23.9642
6	115.5538	-20.0625
6	111.0096	-35.5132
6	354.7251	-66.6136
6	110.5462	-27.7340
6	111.0584	-38.2064
6	104.6875	-18.3591
6	356.9260	-19.9676
6	355.5344	-52.1612
6	100.8241	-13.9676
6	99.4854	16.8430
6	100.5488	6.9200
6	0.7606	41.9763
6	96.5088	30.1628
6	9.5644	-5.3106
6	98.1229	-11.5538
6	3.9917	-5.5091
6	98.9390	9.1331
6	98.9263	2.2029
6	12.3824	-19.2612
6	96.6677	46.4250
6	8.7984	4.1607
6	14.4594	-5.7341
6	92.0685	61.1031
6	93.3779	26.1814
6	22.0277	-33.6654
6	27.7780	5.8227
6	22.9198	-31.8372
6	76.4420	8.4646
6	16.0064	-25.8576
6	30.1618	-22.5030
6	72.4013	10.7376
6	18.1131	-53.6941
6	69.3873	-32.8304
6	36.4861	11.0878
6	72.9192	-39.4988
6	27.4669	-56.5365
6	70.4430	-5.3304
6	67.3433	-61.5868
6	56.1924	-25.2400
6	44.1113	-15.7654
6	68.5321	-14.7756
6	58.0286	-58.8788
6	63.2365	-20.3832
6	50.2932	-14.5466
6	61.5058	-25.9627
6	27.4675	-87.5613
6	49.2342	-9.7139
6	35.1812	-2.2879
6	74.8752	-13.1328
6	40.5986	-6.1631
6	40.4995	-5.9264
6	51.4887	-5.8401
6	31.4532	-14.8648
6	31.5746	-4.6305
6	35.5708	2.2356
6	32.8039	-33.7419
6	47.2127	19.6364
6	48.1804	-15.3712
6	69.8765	-17.2882
6	32.9312	-3.9056
6	40.4704	1.0393
6	40.4113	-7.1428
6	40.4200	-12.0430
6	63.4624	-26.7719
6	62.9160	-36.6491
6	44.7508	-46.1490
6	237.4415	103.3121
6	228.3020	59.3815
6	220.2315	70.1883
6	232.8348	92.3096
6	234.9860	84.8491
6	221.5827	77.7402
6	232.4005	74.0472
6	219.1774	54.8345
6	214.0331	17.2330
6	251.9532	63.9058
6	235.0412	74.3221
6	206.7245	25.0491
6	217.8746	6.5733
6	233.1574	68.3424
6	249.2513	40.6872
6	250.3206	56.3642
6	246.3190	42.5287
6	244.1611	61.6865
6	252.8435	47.0958
6	264.2336	0.1337
6	208.4502	-17.6230
6	212.2773	-38.7191
6	203.5936	-37.7871
6	203.6062	-34.7112
6	248.8990	86.4301
6	200.2373	7.4934
6	200.2638	6.4114
6	261.5801	8.3718
6	200.9031	-42.0820
6	266.4104	12.0318
6	201.4024	-25.2130
6	259.8758	46.7118
6	205.6242	-49.4107
6	195.7706	6.8156
6	269.9921	4.8101
6	202.5435	-12.7527
6	273.7756	33.0700
6	189.3637	-9.3655
6	193.0771	-29.9797
6	272.2199	24.9279
6	265.4821	8.7147
6	187.9784	-32.5653
6	192.1650	20.8127
6	192.0706	3.8321
6	273.7085	34.4693
6	187.0695	-11.4349
6	276.8465	14.0168
6	274.1338	-34.3415
6	181.1562	-24.0000
7	179.0245	-5.6000
7	175.0535	-54.7000
7	175.9102	-41.0400
7	176.4722	-10.5706
7	176.8827	-7.7159
7	290.5152	173.4130
7	173.1083	-77.9923
7	174.0911	-87.6946
7	170.9128	-51.8101
7	292.9432	109.6727
7	296.0380	5.2644
7	300.7825	-60.3756
7	300.1495	-60.1872
7	164.3182	-14.1238
7	301.5736	-159.1497
7	165.1008	-65.2754
7	162.4826	-88.8671
7	159.2349	-72.4709
7	158.6388	-76.7566
7	160.0548	-94.3648
7	158.0182	-75.7184
7	158.1898	-65.4809
7	157.3216	-37.5479
7	156.5058	-86.4952
7	308.4644	-301.7162
7	156.1762	-78.3684
7	156.1176	-41.8339
7	155.6310	-71.0446
7	152.7850	-50.1363
7	151.9498	-50.6205
7	313.2705	-410.1435
7	151.4971	-58.0494
7	150.2637	-31.4491
7	314.9513	-366.2899
7	150.0083	-46.1768
7	148.7808	-52.9735
7	316.6952	-308.6927
7	317.0244	-339.8170
7	147.2546	-66.1194
7	146.2121	-3.9955
7	318.5873	-365.4754
7	319.3763	-372.2055
7	143.5598	-37.3365
7	142.9969	-68.6145
7	142.4135	-41.7081
7	142.3340	-39.7318
7	140.8840	-44.7912
7	136.1078	-41.3701
7	134.5246	-44.7695
7	133.2804	-50.5420
7	132.8141	61.3403
7	131.4545	-16.6856
7	131.9158	4.8096
7	130.8832	-24.4988
7	131.5490	-28.0618
7	333.8162	23.6158
7	130.7067	1.2320
7	130.7052	-6.9570
7	130.6319	-3.1203
7	127.7094	-17.3968
7	127.2573	-25.3297
7	336.4679	-3.1444
7	125.3507	-25.9021
7	124.4012	-29.1573
7	123.6331	-9.1822
7	123.5274	-15.8644
7	343.3978	25.7523
7	344.8638	4.0990
7	345.1763	-5.3616
7	344.7644	37.0339
7	121.4397	-8.6344
7	343.9202	24.3901
7	346.8980	2.5181
7	119.4851	8.9744
7	347.1722	-2.4384
7	119.4333	11.0911
7	115.7986	-40.4167
7	347.8560	22.9208
7	113.5778	-22.4763
7	113.0855	-31.1346
7	115.2944	-12.5865
7	112.0640	-5.5935
7	113.7503	-29.5593
7	113.3235	-37.9526
7	112.8358	-33.7752
7	355.6555	-69.3980
7	109.5206	-15.1768
7	110.0520	-33.8327
7	108.0035	-40.2643
7	107.6754	2.3351
7	103.6788	-26.9852
7	105.7360	-17.4365
7	105.8511	-9.3078
7	359.6258	53.3643
7	1.5489	-59.6122
7	5.6145	-62.9745
7	98.5631	30.5067
7	99.0050	1.2314
7	96.1336	2.4862
7	89.9819	89.1385
7	14.8111	7.4163
7	11.1432	-22.1667
7	9.8264	16.3865
7	15.2123	-35.8607
7	86.0096	48.6628
7	91.0971	51.4136
7	20.1207	-31.8197
7	13.7601	12.1118
7	89.8752	9.5510
7	85.3879	41.4643
7	87.0555	16.5470
7	80.9036	32.4338
7	82.3722	3.5360
7	80.3223	-6.4926
7	18.4610	-22.3503
7	78.9661	32.2033
7	83.0752	9.1957
7	24.2599	-87.1424
7	87.3908	-8.8126
7	83.5506	49.8324
7	20.2466	-32.9492
7	83.8354	48.0268
7	74.3670	-0.7723
7	86.2522	-8.6315
7	19.9296	-40.0418
7	72.4592	39.0884
7	28.8525	-74.0840
7	30.4118	-63.4546
7	70.5711	-17.8916
7	30.6213	-45.7950
7	63.1206	-29.6070
7	74.2740	-19.8608
7	24.2974	-44.7637
7	61.2645	-42.2703
7	57.0068	-48.1722
7	61.1774	-35.2703
7	59.5920	-19.0288
7	35.9087	-23.4711
7	76.7236	-88.6018
7	76.7393	-88.6044
7	38.8115	-36.6623
7	38.8493	-31.2361
7	74.2203	-39.3084
7	69.2160	-18.9918
7	33.7720	-44.7234
7	48.0207	-30.1558
7	44.2547	-7.9550
7	58.7127	-35.7967
7	55.2648	-42.2137
7	66.4140	-27.2491
7	53.0447	5.2943
7	57.0247	-74.6508
7	50.0947	-8.7499
7	51.1438	-21.9710
7	65.1440	-31.0275
7	41.0946	-40.0230
7	38.7195	-50.4096
7	46.5036	-95.3000
7	51.1555	10.8479
7	65.0274	-38.1930
7	55.8490	-25.1509
7	64.5743	-22.9449
7	58.2153	-37.3959
7	56.7259	-41.5529
7	232.8780	69.9385
7	238.6380	41.9669
7	230.8010	23.8047
7	239.6682	44.3795
7	245.4455	51.9998
7	237.1974	103.6479
7	237.5872	80.2921
7	246.7212	28.6700
7	220.9219	51.5625
7	235.6306	105.6928
7	217.7398	12.1944
7	231.8386	78.2689
7	219.1641	47.6554
7	223.2133	75.0452
7	224.1956	74.5798
7	252.2708	-5.6080
7	249.2754	36.0649
7	211.0418	5.9870
7	220.8428	76.8489
7	231.3348	115.3763
7	253.5494	14.0569
7	234.5280	98.6748
7	233.6608	108.0696
7	231.6271	120.0847
7	251.3737	49.4105
7	226.3781	98.8444
7	226.3690	108.1764
7	247.7688	65.1855
7	212.3160	96.3518
7	243.7304	8.6774
7	213.6261	5.1927
7	240.1711	87.2669
7	222.0342	69.2008
7	203.0320	36.9174
7	259.7182	-1.3483
7	213.7382	15.4475
7	199.2864	26.8707
7	262.9799	-5.4229
7	201.6430	30.8058
7	263.0461	-11.2255
7	263.6155	-12.6951
7	205.0445	4.2098
7	205.6544	-2.2735
7	264.0900	14.0607
7	194.8638	30.9870
7	263.2700	24.0300
7	198.8395	29.4058
7	188.7547	16.0397
7	274.5560	-59.3287
7	278.4585	-22.2801
7	272.4034	0.4201
7	188.2283	29.2339
7	183.1486	-28.1155
7	277.2676	-29.4702
7	182.4232	-22.9669
7	275.4786	-21.2183
7	275.5592	-10.8887
7	187.5187	-3.7021
7	181.3094	-55.2268
7	185.8228	6.5224
7	182.7207	-5.4020
7	181.0548	-22.7661
7	178.1619	-34.0267
7	287.1795	-105.0600
7	285.3564	-45.5296
7	181.6295	-5.3505
7	285.3380	-13.0656
7	178.4583	-25.4000
8	292.1467	214.3000
8	292.1286	210.3000
8	171.5351	-72.6393
8	291.5393	197.1475
8	168.2301	-66.4597
8	169.8802	-62.1908
8	294.7009	135.0999
8	297.8098	121.7578
8	166.9984	-91.5456
8	164.2658	-55.8449
8	162.5991	-24.5313
8	302.6034	-115.0203
8	163.8978	-17.7766
8	302.7161	-232.8252
8	159.2899	-49.9589
8	158.2847	-42.3515
8	158.2618	-41.6460
8	306.5333	-207.6981
8	156.4047	-55.6645
8	307.9259	-314.5798
8	154.0931	-23.3370
8	154.0065	-39.4682
8	152.9652	-76.7039
8	312.8385	-420.1418
8	150.7094	-13.5332
8	313.5072	-426.0568
8	313.5523	-376.4269
8	148.3145	-23.6075
8	146.7777	-5.7829
8	146.7594	-14.8883
8	146.1563	-27.6653
8	146.2438	-17.7204
8	144.9112	3.2617
8	144.1119	-13.1225
8	143.5203	-6.6639
8	143.3067	-23.3242
8	142.8455	-17.2262
8	321.8079	-174.1924
8	322.0146	-217.0083
8	140.2657	-16.3813
8	140.0352	-7.7277
8	139.6991	-75.8403
8	139.4689	0.5419
8	139.5075	-11.1613
8	138.9413	-14.3499
8	138.8978	-2.3603
8	139.0285	-3.7662
8	139.0219	-9.2680
8	328.1968	-58.2254
8	135.0991	-39.4214
8	134.9603	-1.1956
8	329.4815	-91.4179
8	133.9745	10.1400
8	133.3764	37.8963
8	332.1300	-127.9080
8	332.5603	-17.0394
8	131.6265	-83.2349
8	336.1947	-32.4252
8	128.4392	-49.7487
8	127.4420	-6.4972
8	127.1962	-5.5014
8	127.1846	-16.9920
8	125.1743	-7.1183
8	123.9323	-2.8546
8	123.7889	-0.9308
8	124.5907	-8.8234
8	124.6341	-19.9306
8	341.9461	-87.5641
8	343.1315	60.9775
8	122.8075	-36.6831
8	122.7656	-19.2971
8	343.2659	63.8710
8	121.3553	-38.8976
8	343.0006	60.8761
8	343.9483	42.7333
8	118.4340	-35.5037
8	119.4966	11.9904
8	117.0431	-7.7267
8	349.7792	10.6044
8	116.6011	-20.8305
8	113.9765	-20.0094
8	350.9121	31.7717
8	112.4122	-3.5610
8	112.3234	-5.1935
8	354.9475	-1.6897
8	108.0415	-9.2265
8	110.0949	-0.7216
8	355.2954	68.7497
8	107.7183	119.1416
8	107.9949	-3.6396
8	105.5892	1.5422
8	105.6215	9.6487
8	102.7266	4.9704
8	102.6638	16.8551
8	101.2078	6.9024
8	102.4282	76.2487
8	103.3444	21.2306
8	6.2617	17.6173
8	100.7384	10.3843
8	95.8287	7.2482
8	100.4309	2.5679
8	4.3875	5.8049
8	96.9165	27.7953
8	5.3659	-0.4873
8	95.0735	-14.3317
8	5.4212	13.8684
8	95.0930	-2.7767
8	97.0849	8.4699
8	97.4717	-1.7947
8	98.0538	36.7254
8	96.4943	25.5088
8	13.1227	42.4496
8	94.2394	15.4521
8	10.8405	-65.2116
8	87.8777	13.3584
8	87.6283	30.7079
8	85.6705	55.4717
8	86.4653	29.6278
8	88.3510	21.9791
8	81.6569	43.6157
8	88.3611	18.0848
8	87.5643	37.9621
8	81.4835	39.3686
8	85.6080	33.8701
8	86.3938	31.3326
8	78.5018	-32.8903
8	80.7724	-7.7172
8	80.2056	-26.8064
8	69.3011	-13.6648
8	77.5102	-40.5516
8	77.7895	-16.2293
8	33.3726	61.4862
8	65.2180	-18.7158
8	75.1437	10.2283
8	78.2669	-29.5486
8	57.5508	-56.2017
8	48.9775	5.1733
8	77.0945	-12.9289
8	54.1469	23.2335
8	69.5863	-45.0080
8	42.7302	-88.4819
8	57.1120	-33.9265
8	37.3490	-96.0793
8	43.5948	-94.4233
8	64.5645	-11.2070
8	59.8896	-54.3389
8	42.8666	-14.8128
8	67.9145	-19.5680
8	59.0204	-13.2787
8	63.7254	-22.1000
8	50.9639	-4.6569
8	46.9600	-28.3000
8	64.8111	6.1454
8	48.3663	-42.3000
8	239.3627	35.2362
8	229.8610	116.6781
8	245.4459	32.0659
8	244.6737	44.7342
8	217.6679	33.1386
8	238.5463	34.1170
8	247.4147	59.0480
8	235.1358	80.5364
8	231.9133	108.7682
8	223.9466	87.0509
8	231.5519	105.9133
8	229.1751	113.6712
8	223.5644	76.4543
8	235.2976	71.8165
8	246.2631	52.3539
8	213.4566	-6.6508
8	220.4631	34.7227
8	250.7605	42.3872
8	211.9478	5.0626
8	221.5163	27.1505
8	250.3233	50.7171
8	232.7749	67.5078
8	250.1774	46.1899
8	222.2860	62.3503
8	227.1349	92.6389
8	246.5667	35.9829
8	211.8678	36.1130
8	231.2158	97.9008
8	244.9360	21.6157
8	259.5585	-24.3422
8	207.5963	5.2452
8	220.9024	58.6362
8	209.0062	19.3133
8	258.3425	25.2191
8	257.1454	20.6376
8	257.1962	21.0061
8	212.7795	11.4357
8	211.6586	-17.3065
8	257.9798	19.3343
8	212.6781	20.7120
8	213.3517	42.5701
8	254.7803	5.1285
8	258.2033	-12.3989
8	251.8100	26.3388
8	209.2041	-31.6660
8	259.8342	28.2006
8	209.9497	-28.4524
8	201.7582	21.5600
8	198.7536	16.5200
8	210.2681	-10.3091
8	203.1802	21.1766
8	257.2375	-1.0735
8	258.4822	48.2282
8	266.2006	-6.5903
8	199.7255	50.9773
8	199.7146	34.3534
8	202.7274	13.0554
8	196.6081	30.6433
8	196.5639	-14.7690
8	197.1854	23.4122
8	263.3054	-12.7725
8	193.9034	38.1232
8	270.7587	-3.6703
8	187.0358	-46.4629
8	271.0516	13.5309
8	278.1938	-31.8682
8	185.8855	-54.1386
8	184.3841	-64.7914
8	183.7277	-52.7639
8	181.2036	-67.4036
8	185.1960	-16.7428
8	178.8405	-76.9598
8	179.3847	-75.3161
8	286.5952	-47.5942
8	283.7342	-16.4100
8	177.6975	-29.1939
8	179.3759	-60.1658
8	177.2767	-40.4985
8	285.1704	-62.2329
8	173.7597	-16.9749
8	176.2215	-36.9747
8	174.7137	-27.6367
8	174.6678	-31.3060
8	172.3103	-62.2838
8	173.5017	-34.7856
8	173.4869	-26.6761
8	171.8270	-42.2457
9	168.8135	-39.0000
9	169.6511	-79.9182
9	165.4001	-45.0356
9	163.8095	-57.9476
9	163.5850	-60.7271
9	164.0832	-70.2688
9	301.6177	-1.4800
9	160.4376	-44.1355
9	158.8470	-17.4443
9	159.3132	-16.1218
9	158.0177	-26.5642
9	157.2732	5.8546
9	156.1479	-22.8557
9	155.7163	-19.9514
9	155.6986	-9.1463
9	155.8690	-36.1068
9	154.7904	6.4576
9	154.7434	-37.6559
9	154.7972	-32.0699
9	310.6907	-198.0469
9	153.0501	8.4758
9	153.0659	-12.2075
9	152.5723	-21.4275
9	152.3553	-4.8164
9	152.3983	-2.4232
9	312.6000	-279.0387
9	151.3012	-21.1599
9	151.0523	-12.3589
9	146.9609	1.8343
9	146.8439	0.0657
9	146.8013	22.1429
9	318.2113	-243.8227
9	318.2446	-255.6950
9	145.4591	9.7117
9	145.5060	0.6059
9	145.3344	64.9332
9	319.6352	-319.2811
9	144.5185	-21.4563
9	144.2486	-12.8246
9	320.8917	-309.2655
9	142.1539	-17.8022
9	141.8779	-10.8767
9	322.7739	-224.2539
9	141.8230	0.4009
9	141.2848	-13.4422
9	323.3270	-229.2443
9	141.1657	-28.6630
9	140.3806	-13.5087
9	138.5930	-54.2016
9	138.5670	-49.5090
9	138.5124	-14.0131
9	137.9947	-17.6907
9	134.5975	1.2730
9	134.1509	-8.3990
9	133.6782	-9.3674
9	332.5662	-53.5538
9	334.9522	-105.8989
9	127.9830	-13.3494
9	127.2111	-7.9575
9	126.9916	1.0034
9	339.2526	38.6127
9	123.8372	-3.1208
9	123.5083	-11.1828
9	121.3428	-14.9417
9	121.1111	-1.4525
9	121.7027	4.7698
9	120.7888	14.6021
9	118.9897	8.0248
9	117.6875	-5.6181
9	346.3352	17.5069
9	115.8858	-0.3189
9	348.6312	44.6480
9	348.6136	80.0604
9	348.6099	105.0084
9	352.5651	59.7836
9	112.2500	19.4351
9	351.0033	12.2865
9	112.9810	-56.9041
9	110.6003	10.1420
9	110.0358	-27.5285
9	111.3231	32.0822
9	352.9402	84.1925
9	354.4961	77.8845
9	110.4163	12.9629
9	107.0398	19.1445
9	106.0463	34.5193
9	357.5852	75.1614
9	104.9461	12.2908
9	357.6272	71.6847
9	104.5661	24.8818
9	103.7609	27.9013
9	101.8110	21.0452
9	102.3010	38.9377
9	98.6728	40.2514
9	8.2860	-28.2810
9	97.5008	23.4434
9	99.1068	23.5606
9	95.8654	22.5530
9	95.8730	20.8258
9	97.8612	46.3714
9	98.0241	8.4019
9	7.0128	78.3836
9	96.3082	23.8431
9	92.4183	-12.0323
9	93.9469	-3.1966
9	94.7059	23.8942
9	94.6413	15.7255
9	89.6931	-3.7019
9	16.3917	40.7404
9	91.0225	-8.1590
9	90.2883	-16.9269
9	16.1953	-25.3281
9	84.2795	20.6316
9	17.9032	-5.9698
9	16.7407	49.2204
9	81.8713	31.7146
9	87.0101	-57.4773
9	84.7648	22.8693
9	76.5266	-14.2111
9	83.0711	58.6946
9	76.7645	-49.4973
9	81.1753	17.6427
9	25.0085	-16.7418
9	25.0015	-18.8101
9	76.2970	-9.2147
9	37.1900	-89.7338
9	34.1325	-56.5875
9	76.9855	-46.3279
9	65.3411	-7.8881
9	27.4509	-27.3577
9	77.5181	-2.3395
9	78.0218	6.1093
9	29.3689	4.1393
9	55.8466	23.5671
9	74.8146	-55.6024
9	71.4976	-44.5139
9	65.4826	-26.7434
9	69.7449	-62.9772
9	52.9720	117.3166
9	57.0432	9.9898
9	72.0655	-59.4420
9	55.7253	5.2538
9	54.6602	28.8258
9	54.7151	8.8251
9	45.1107	-46.1823
9	55.4535	5.2470
9	56.3943	-11.0820
9	69.4295	-39.0446
9	65.7815	-5.3007
9	50.0868	12.6000
9	70.5332	-60.7599
9	58.3344	-12.0248
9	56.5884	10.7061
9	44.6636	-59.6356
9	38.2979	-71.5131
9	38.2907	-81.6595
9	64.4266	-6.0042
9	64.4800	-8.6912
9	63.7915	-29.4703
9	52.8318	-20.2830
9	62.9057	-36.7226
9	48.0676	-65.8500
9	50.8181	-46.6000
9	55.3934	-31.4710
9	55.6313	-15.1279
9	55.5956	-8.5045
9	55.6210	-59.0259
9	52.6717	-24.2793
9	53.4652	-14.9827
9	230.0064	78.4718
9	233.7336	49.7893
9	222.3663	57.6377
9	240.5810	-1.4696
9	220.6487	66.7181
9	230.0508	55.6606
9	219.4759	119.0885
9	230.1297	42.5570
9	248.4385	-2.8058
9	232.4651	24.0915
9	221.8264	66.2640
9	243.2701	10.1967
9	218.9151	77.7462
9	218.8291	74.7736
9	218.7940	85.7433
9	230.1793	133.4742
9	214.8115	210.8653
9	251.2161	1.8143
9	225.1936	97.3069
9	224.7874	106.1299
9	238.0764	39.5249
9	222.6562	89.0055
9	252.1937	5.6839
9	213.6716	84.7588
9	233.3943	52.2111
9	251.9201	13.6577
9	214.2116	45.3736
9	213.6487	55.4244
9	246.7944	38.2230
9	208.6037	40.2596
9	249.8445	36.3973
9	245.2132	-4.2572
9	206.7986	31.9263
9	206.7621	44.6872
9	248.9908	52.8356
9	209.3577	23.0396
9	213.5944	35.5299
9	256.8116	-33.2368
9	259.6569	10.2121
9	204.1013	1.4120
9	204.3534	28.1413
9	206.2116	20.2614
9	258.5788	-3.9974
9	260.7424	-6.2130
9	262.5792	38.1601
9	200.8567	-3.9499
9	255.7060	29.9305
9	208.9790	33.7409
9	209.9316	21.3600
9	202.9897	-9.6830
9	203.6881	1.5743
9	207.8686	11.8310
9	199.0951	-11.4840
9	200.6710	-28.2927
9	261.9186	-9.0983
9	200.2127	-4.2375
9	202.5905	23.1046
9	198.9536	26.7190
9	192.3443	-44.5034
9	194.6703	45.8051
9	192.2935	-73.7256
9	196.3348	-6.6548
9	271.5143	81.6314
9	266.9799	11.6014
9	193.2760	-92.5217
9	195.6396	66.5161
9	189.6347	-20.3246
9	192.0299	-73.3675
9	194.2396	159.3329
9	187.4169	-22.9727
9	191.0541	-63.8658
9	274.9358	-12.9277
9	188.7911	-90.8401
9	186.2796	-8.9654
9	274.9337	-4.1298
9	279.7425	-154.5438
9	279.4801	-4.2802
9	181.0629	-3.7885
9	185.3298	-88.2351
9	182.8039	-73.5509
9	180.0020	-39.0997
9	289.6522	-33.2667
9	177.1484	-23.5976
9	177.0953	-24.0481
9	172.5136	-45.9846
9	173.1283	-52.2330
9	172.5249	-41.5705
9	292.2565	-71.5070
9	169.7034	-35.5229
9	294.5598	-108.3857
9	171.2427	-45.8876
10	298.7570	98.5393
10	166.7318	-42.9293
10	299.5969	73.1872
10	166.3822	-52.8843
10	166.3599	-44.4823
10	299.2490	139.2302
10	298.8715	120.8627
10	166.3538	-33.4014
10	300.2297	20.5018
10	161.4748	-32.3656
10	301.5112	-31.4860
10	161.4311	-23.1988
10	159.8597	-24.4797
10	307.1575	-250.9196
10	157.0219	-27.4759
10	155.7273	-18.0823
10	155.6618	-23.7437
10	155.4094	-25.3730
10	311.0257	-395.9506
10	152.9831	-11.1035
10	150.5719	-4.2058
10	150.0965	-1.5859
10	149.6026	1.1965
10	318.3241	-344.8469
10	145.6774	9.5167
10	319.2591	-338.5412
10	319.2610	-354.8466
10	145.0332	16.8256
10	144.2711	8.1281
10	143.9860	6.3479
10	143.9837	5.9661
10	143.4974	-2.6174
10	142.9735	8.5387
10	322.8068	-203.7128
10	141.1357	9.7102
10	140.2145	8.6043
10	139.6181	17.0926
10	139.5619	2.9342
10	325.1698	-174.0194
10	139.0397	13.9484
10	325.5774	-165.1585
10	138.9418	7.1287
10	138.6759	-4.3781
10	138.2801	5.3619
10	138.3930	18.2537
10	137.5075	5.6308
10	137.2214	13.7804
10	136.4838	-11.5214
10	136.0053	-12.3132
10	135.9840	-9.3201
10	133.7305	-18.4572
10	133.0860	-17.2448
10	132.8417	-17.5236
10	132.6336	14.8373
10	131.2572	-26.1280
10	131.2143	-9.5165
10	336.7955	-71.1195
10	125.6028	-39.0398
10	338.4500	-64.0808
10	338.2139	21.3241
10	125.0241	33.7288
10	124.7925	-17.3084
10	123.4475	-8.9973
10	121.6018	-8.8681
10	121.9269	-37.9551
10	342.7347	-5.6994
10	119.8148	-11.6680
10	118.6997	32.3223
10	118.2348	39.2267
10	119.6691	28.3766
10	116.9781	-0.6717
10	347.0796	79.9496
10	117.9804	-28.4595
10	348.2682	149.6343
10	115.8450	23.6712
10	115.8027	-12.7089
10	114.9783	2.4181
10	113.9494	6.3097
10	113.2492	4.3062
10	351.6783	112.6691
10	110.3464	12.3975
10	111.1346	-9.5196
10	109.9404	-0.0207
10	108.5067	31.5113
10	357.5810	87.3678
10	108.3164	45.3248
10	104.8502	16.5171
10	106.9259	13.4346
10	359.8723	176.8997
10	105.5256	13.3465
10	101.7894	51.9265
10	102.8890	12.3747
10	102.5426	40.0170
10	102.5018	24.7872
10	103.7068	-43.0738
10	100.4010	13.2476
10	100.6349	22.6957
10	99.3471	11.7679
10	100.2458	4.2417
10	97.8483	22.8904
10	102.0720	13.1785
10	101.2708	31.7261
10	96.5830	8.2326
10	96.5621	8.9281
10	9.4616	-1.8265
10	6.8979	132.9979
10	94.2056	-1.2679
10	93.8402	2.6836
10	94.9440	12.5127
10	95.7781	-2.1711
10	94.5536	-9.0193
10	89.9098	-21.2756
10	91.7481	-11.7150
10	11.4175	101.4984
10	91.8167	-19.4529
10	92.4526	-19.1866
10	87.2728	-48.2697
10	91.6594	46.6357
10	84.9939	18.8635
10	19.1630	-30.1630
10	80.2810	-0.6155
10	83.7723	6.5372
10	83.6400	-6.9828
10	20.5383	-34.5231
10	78.9329	-0.7036
10	20.3430	-11.8565
10	81.4660	44.1229
10	75.7979	-48.8462
10	25.8932	17.3774
10	79.5026	15.3917
10	23.3484	-13.9380
10	79.4855	18.6673
10	23.4117	-1.7726
10	79.3133	3.7798
10	80.6742	1.7470
10	27.2256	-10.8873
10	78.7274	2.1172
10	80.1322	1.4082
10	79.3406	-24.7679
10	71.1329	-67.7847
10	75.0190	-39.7125
10	79.9730	-8.1803
10	28.3336	-14.3510
10	65.4411	3.1941
10	65.4039	3.3168
10	64.2848	-28.0751
10	26.3910	22.6409
10	68.3709	-25.9806
10	68.3940	-28.1943
10	33.6027	-14.0869
10	70.4239	-48.7209
10	34.0628	-40.5920
10	62.9546	-31.6186
10	57.3237	12.3442
10	74.1396	-45.5931
10	60.6641	8.5349
10	74.9885	14.5787
10	73.9616	-45.1425
10	68.3268	-37.2785
10	33.0774	-9.0394
10	33.1295	-12.0136
10	30.2354	12.5028
10	72.1561	-11.6910
10	67.1648	-8.9046
10	31.3122	-32.8295
10	31.3363	-19.5511
10	37.9565	-24.5787
10	56.3164	31.3066
10	45.2808	-48.5678
10	37.2125	-49.0528
10	65.3854	9.4388
10	63.2226	-12.8200
10	51.0206	6.4140
10	64.5318	-8.8709
10	54.7485	-13.6206
10	60.0084	-30.4736
10	61.6525	-59.9417
10	65.8786	23.6426
10	37.9675	-29.7319
10	38.0152	-23.1509
10	46.0134	-13.1723
10	45.9736	1.8224
10	52.6302	6.3069
10	233.4515	49.7814
10	222.4611	0.8208
10	235.7403	34.2572
10	226.8014	9.6313
10	221.1156	-58.3453
10	244.3191	12.4977
10	231.6350	84.4246
10	224.2571	5.8387
10	235.1165	3.9349
10	236.5925	46.7615
10	244.8486	3.1348
10	228.0955	71.7219
10	218.3842	-34.6357
10	235.0559	23.1991
10	233.7289	39.1444
10	230.1439	88.3595
10	215.7555	15.9377
10	224.0756	30.6045
10	217.4105	-13.1936
10	231.7603	24.8401
10	239.7696	8.3232
10	244.1295	6.5511
10	212.5595	-1.7645
10	208.7983	14.2439
10	248.1801	3.1834
10	254.2186	16.5227
10	245.9508	18.5841
10	250.4896	-12.4783
10	213.3194	-28.8242
10	244.7328	2.8750
10	216.0595	34.1003
10	211.8205	12.3771
10	257.8512	-20.5261
10	259.7386	-2.8501
10	201.6057	39.1493
10	258.1316	41.5032
10	202.0038	22.9030
10	200.7351	20.2407
10	254.9985	38.4688
10	199.7586	42.2158
10	205.2544	39.2326
10	208.1475	42.4804
10	201.3486	21.7436
10	207.3895	28.2928
10	207.4143	28.6402
10	202.2392	30.4639
10	203.1146	39.7488
10	206.1383	56.8620
10	204.7309	45.2039
10	260.8483	35.8229
10	200.0431	-1.6515
10	203.0877	9.5142
10	195.6877	-55.6885
10	194.3038	-51.7956
10	264.9785	100.3034
10	192.7186	-50.1977
10	191.5504	-55.1621
10	269.9759	21.0227
10	192.0878	-20.2344
10	192.1055	-32.0489
10	192.0024	-27.6738
10	187.4854	-20.6178
10	187.4515	-18.7745
10	186.8180	-20.3760
10	186.4031	-10.4672
10	183.7345	32.7390
10	183.9782	55.2635
10	183.8408	-21.8846
10	278.1913	14.7706
10	185.4947	-23.4503
10	184.7016	0.6530
10	182.2653	-18.4325
10	183.3761	18.9436
10	180.4096	-15.1771
10	180.9422	1.8083
10	178.5354	-9.2802
10	180.6294	-25.2119
10	180.1807	36.1531
10	178.5278	-3.8859
10	176.1858	-40.8373
10	178.0685	-10.5570
10	175.8211	26.4568
10	176.7293	4.8627
10	174.6923	-24.4718
10	173.3867	-16.7892
10	173.6435	-1.9531
10	173.1332	-43.1924
10	173.2682	-55.1209
10	172.5739	-24.1917
10	170.9359	-38.4732
10	170.7463	-24.6753
10	168.9140	-14.3152
10	167.8873	-30.2421
10	167.9841	-14.8297
10	167.1452	-522.9220
10	168.4978	-37.0552
10	168.2401	-31.4260
10	166.2626	-25.8312
10	167.2027	-25.1629
10	165.5338	-33.3000
