# Bin Center [kpc], Mean |RM| Value [rad/m^2], |RM| err [rad/m^2]
9.644941 78.371838 11.478800
22.521502 58.920719 5.716892
35.410341 57.317621 6.903545
48.318506 44.848316 8.244045
61.253089 25.582561 10.316001
74.221241 9.478847 8.777963
87.230185 17.704039 8.476878
100.287234 25.100511 7.463167
113.399810 17.538913 5.695638
126.575457 1.711309 5.760853
139.821861 12.813687 5.292376
153.146869 7.871256 6.496718
166.558508 0.567482 5.573634
180.065003 11.017218 5.201114
193.674802 7.077625 5.277626
207.396594 1.030570 4.211614
221.239338 4.357297 4.385030
235.212280 6.945376 6.341354
249.324988 0.686179 4.539132
263.587374 0.135914 3.998170
278.009727 1.146761 2.853847
292.602745 6.550537 4.422026
