# Bin Center [kpc], Median |RM| Value [rad/m^2], |RM| err [rad/m^2]
9.644941 68.780581 11.478800
22.521502 53.199745 5.716892
35.410341 60.364900 6.903545
48.318506 44.898548 8.244045
61.253089 27.164735 10.316001
74.221241 8.697240 8.777963
87.230185 28.385419 8.476878
100.287234 28.261633 7.463167
113.399810 14.507105 5.695638
126.575457 10.465551 5.760853
139.821861 23.918800 5.292376
153.146869 21.789347 6.496718
166.558508 11.018360 5.573634
180.065003 19.542457 5.201114
193.674802 16.728859 5.277626
207.396594 1.169384 4.211614
221.239338 3.757535 4.385030
235.212280 4.457369 6.341354
249.324988 3.931621 4.539132
263.587374 3.869628 3.998170
278.009727 2.815375 2.853847
292.602745 4.293072 4.422026
